   0.0000000e+00   0.0000000e+00   0.0000000e+00   0.0000000e+00   0.0000000e+00   0.0000000e+00
   1.2814522e-02  -2.3550336e-02  -3.7803814e-02   2.7309339e-04  -2.1349100e-04   1.6559636e-04
   2.0036570e-02  -2.7913887e-02   9.4432626e-04   5.2330264e-04   2.6168220e-05   2.4607347e-04
   2.2314549e-02  -9.1687519e-03   8.5529610e-03  -2.1252493e-06  -2.6856049e-04   3.5718579e-04
   4.6649208e-02  -1.2910384e-02   7.4687201e-03  -4.9808269e-04  -1.8811544e-04   9.1324330e-04
   5.9716012e-02  -7.4905460e-03   5.2573429e-02  -9.2463527e-04   3.9589263e-04   8.9785332e-04
   5.9693822e-02   4.6986399e-03   2.9317210e-02  -1.2557505e-03  -1.6886156e-04   9.5176587e-04
   5.2712992e-02  -1.0220367e-02   5.9427692e-02  -1.7487901e-03  -4.7392803e-04   8.9665106e-04
   6.6388967e-02  -1.2950006e-02   1.0952156e-02  -1.5541450e-03   1.9302706e-04   8.9692418e-04
   9.9953292e-02  -6.8098888e-03   6.0983687e-02  -1.5686126e-03   8.0238216e-05   1.0397765e-03
   9.6532229e-02  -2.8624105e-02   1.4423541e-03  -1.8625113e-03  -2.4882605e-04   9.4399171e-04
   8.3708592e-02  -1.6166326e-02  -1.4302718e-02  -2.0363324e-03  -7.0431658e-05   9.2119289e-04
   9.9927246e-02  -6.1692313e-03   1.1358486e-02  -1.5738040e-03  -1.3807754e-04   9.6319526e-04
   1.0857140e-01  -1.8017811e-02   6.4381003e-02  -1.7481425e-03  -3.5488138e-04   1.0351493e-03
   1.0253985e-01  -1.7223685e-02  -3.0419718e-02  -2.1073303e-03  -7.2007005e-05   1.0046805e-03
   9.0189558e-02   1.0257493e-02   2.1770901e-02  -1.5539064e-03  -3.1394811e-04   1.0102246e-03
   9.4470157e-02  -3.0971918e-02  -1.8164246e-01  -2.5656912e-03  -4.0250297e-04   5.9449454e-04
   7.0543880e-02  -5.2251436e-02  -1.1691457e-01  -4.8712222e-03   4.0178360e-04  -1.1030954e-04
   4.5365718e-02  -3.0261746e-02   1.7866557e-03  -3.6277441e-03   3.3549104e-04  -6.5234340e-04
   5.0750619e-02  -1.6526994e-03  -2.3040676e-02  -3.7901650e-03  -1.6152812e-04  -3.4635061e-04
   4.7547568e-02  -1.2597326e-02   3.0757986e-02  -3.5417846e-03  -1.5566097e-04  -6.8247234e-04
   5.1651465e-02  -2.7305711e-02   4.8905600e-03  -3.6996145e-03  -5.2907558e-04  -4.2983895e-04
   4.6219765e-02  -1.6937477e-02   9.5784561e-02  -3.1129355e-03  -5.9667808e-04  -3.6374915e-04
   2.7055349e-02  -3.5823736e-02   3.4060979e-02  -2.0524421e-03  -3.0790822e-04  -5.7648806e-04
   3.8831617e-02  -3.3252908e-02   1.0785481e-01  -2.1816350e-03  -3.9413208e-04  -1.9618181e-04
   3.5885650e-02  -4.2051266e-02   7.2129631e-02  -2.8057565e-03  -8.8243141e-04  -3.7142417e-04
   4.3280303e-02  -3.1989893e-02   7.9206719e-02  -2.7189334e-03  -1.0954702e-04  -2.7547768e-04
   5.8094632e-02  -9.0184729e-03   8.6684623e-02  -2.4027320e-03  -5.2964339e-04  -8.9930427e-05
   4.9880537e-02  -2.9452736e-02   8.6636922e-02  -3.2455913e-03  -1.2457155e-03  -9.2799119e-05
   5.0110682e-02  -2.8125663e-02   1.1278191e-01  -3.3066799e-03  -1.0118275e-03  -1.5192423e-04
   4.1924035e-02  -3.7413475e-02   1.2302997e-01  -2.6903994e-03  -8.8501900e-04  -2.9508408e-04
   3.5481068e-02  -5.3213087e-02   1.1970306e-01  -2.8776511e-03  -1.3180970e-03  -1.4419599e-04
   3.0264282e-02  -6.4980739e-02   1.1906393e-01  -2.1305536e-03  -4.5289335e-04  -3.4678896e-04
   3.0628657e-02  -3.8857708e-02   1.2038580e-01  -2.2118073e-03  -8.9488866e-04  -1.9413289e-04
   3.8747730e-02  -2.1313984e-02   1.3552195e-01  -1.5982943e-03  -1.5446869e-03  -1.0853592e-04
   5.4182416e-02  -3.5938848e-02   1.2818705e-01  -2.6644244e-03  -1.1240967e-03  -1.7239773e-04
   7.3656719e-02  -4.5656119e-03   1.4285103e-01  -2.5417470e-03  -8.8050328e-04   3.8319677e-04
   4.4837064e-02  -2.3643287e-02   1.3035686e-01  -1.9958679e-03  -1.3340162e-03   3.2873273e-05
   5.0649500e-02  -2.4011801e-02   1.1076660e-01  -2.4917980e-03  -1.7548041e-03   2.2486127e-05
   6.2478274e-03  -2.1006461e-02  -9.8803064e-03  -9.5834742e-05  -2.3978420e-03  -1.0685045e-03
   1.2709351e-02  -1.6824948e-02   6.8577381e-02  -1.8195445e-03  -2.1783807e-03  -1.1995648e-03
   2.5498297e-02   5.9057781e-05   7.5396626e-02  -1.6840938e-03  -2.2119743e-03  -1.0017161e-03
   2.3327985e-02  -1.4513761e-02   8.2081330e-02  -1.8833037e-03  -1.9806358e-03  -9.1007715e-04
   2.6829779e-02  -1.4390939e-02   1.3723491e-01  -1.5996679e-03  -2.3679162e-03  -9.2248722e-04
   1.8986638e-02  -3.0930691e-02   1.1400469e-01  -1.6328127e-03  -2.7240086e-03  -1.0751714e-03
   1.9807414e-02  -2.6437641e-04   1.7508145e-01  -1.8888055e-03  -2.7802941e-03  -1.0131551e-03
   2.1814512e-02  -9.3583975e-03   1.9997627e-01  -1.8232232e-03  -2.2835432e-03  -7.2794414e-04
   3.2254361e-02  -2.9377554e-02   2.0571576e-01  -1.8800629e-03  -1.8017829e-03  -6.5843353e-04
   3.3042370e-02  -3.6195071e-03   1.5099262e-01  -1.3767207e-03  -1.3713802e-03  -5.9293202e-04
   2.0648756e-02  -1.8305637e-02   1.7620200e-01  -1.0783201e-03  -1.4290911e-03  -7.9487257e-04
   4.7930472e-02  -5.0766192e-02   1.3120152e-01  -6.9696447e-04  -1.2994426e-03  -5.6601825e-04
   6.9496501e-02  -4.0607419e-02   1.7990604e-01  -1.1466626e-03  -1.2840568e-03  -2.3982189e-04
   6.4072391e-02  -1.5945537e-02   1.8849195e-01  -8.0726045e-04  -1.6662606e-03  -2.5719566e-04
   6.5012985e-02  -1.2305539e-02   1.9490501e-01  -2.0717055e-03  -1.4127162e-03  -2.8381176e-04
   6.6689239e-02  -2.3562494e-02   1.5097348e-01  -1.6141750e-03  -1.2388583e-03  -1.9412264e-04
   7.2048188e-02  -1.0495593e-02   2.1698137e-01  -1.8362400e-03  -1.5562125e-03  -1.0761390e-04
   6.3670614e-02  -1.8103213e-02   1.5593136e-01  -2.3078783e-03  -1.9215698e-03  -1.5896235e-04
   6.9265023e-02  -1.5260335e-02   2.0397891e-01  -2.0534835e-03  -1.2904709e-03  -9.5952583e-05
   5.7197501e-02  -1.4727203e-02   1.9049283e-01  -1.2108779e-03  -1.4391662e-03  -2.8339728e-04
   7.1373033e-02  -5.0110889e-02   2.2540651e-01  -2.4820615e-03  -1.2824604e-03   6.4254429e-05
   6.9299772e-02  -5.5789958e-02   1.7743351e-01  -1.0280402e-03  -8.5734431e-04  -1.0206043e-04
   6.8587115e-02  -4.0548626e-02   1.8229279e-01  -2.3542846e-03  -8.5387114e-04  -2.1549967e-04
   5.1996623e-02  -5.4815293e-03   2.3776178e-04   4.1682984e-04  -1.1957663e-03  -1.1147110e-03
   4.2640772e-02   4.1270374e-05   8.8514609e-02  -1.6165105e-03  -1.0578087e-03  -1.0346018e-03
   5.7583842e-02   1.9733278e-02   1.6696044e-01  -2.3529394e-03  -1.0340955e-03  -4.3529858e-04
   6.8344749e-02   2.4647615e-02   9.6033173e-02  -1.3991333e-03  -7.8006164e-04  -5.7090394e-04
   6.8647661e-02  -5.8082037e-03   2.0748727e-01  -1.9678462e-03  -6.9036730e-04  -5.4803631e-04
   6.4246682e-02   4.7112004e-03   1.7032446e-01  -1.7753969e-03  -1.1735437e-03  -6.0094923e-04
   7.1879221e-02  -2.8430189e-02   2.5368928e-01  -2.6868251e-03  -7.6469886e-04  -4.2388473e-04
   5.8586829e-02  -2.1432229e-02   2.0714758e-01  -1.9226016e-03  -6.3725642e-04  -5.1289677e-04
   5.9615617e-02  -2.7675531e-02   2.7557653e-01  -2.0269348e-03  -8.5888131e-04  -3.4331926e-04
   5.9643770e-02  -4.3630467e-02   2.8337036e-01  -2.3330521e-03  -1.0604134e-03  -2.9353800e-04
   6.1788826e-02  -6.1783665e-02   2.9781555e-01  -2.9361284e-03  -6.9805728e-04  -3.8873500e-04
   5.8934753e-02  -4.3184183e-02   3.0187742e-01  -2.4531221e-03  -8.3978829e-04  -2.7215257e-04
   4.8528561e-02  -4.4257339e-02   3.2311912e-01  -2.7929686e-03  -8.6859025e-04  -3.3777769e-04
   5.6178996e-02  -4.6882293e-02   2.7735769e-01  -3.3921641e-03  -5.7036649e-04  -2.6585908e-04
   5.8164673e-02  -2.3400455e-02   3.2344158e-01  -2.9176376e-03  -5.6617028e-04  -3.1813390e-04
   4.6181819e-02  -8.1821159e-03   2.9919710e-01  -3.0006160e-03  -1.0396079e-03  -3.4424208e-04
   5.9410038e-02  -2.7686609e-02   3.1750005e-01  -3.8097138e-03  -4.2355527e-04  -2.1531657e-04
   6.4348809e-02  -9.0865034e-03   3.4268773e-01  -3.1937287e-03  -2.7576487e-04   5.8022694e-05
   4.8389437e-02  -2.6083505e-02   3.9402398e-01  -3.6079443e-03  -2.8578112e-04  -1.9184375e-04
   5.4777638e-02  -2.3161758e-02   3.6309208e-01  -3.2836265e-03  -1.1775757e-04  -2.9992258e-04
   5.4787328e-02  -2.3920165e-02   3.1026272e-01  -3.0738490e-03  -1.5621569e-04  -1.7029054e-04
   4.9289409e-02  -1.3493759e-02   3.1951087e-01  -2.7208374e-03   1.8426838e-05  -2.5250659e-04
   2.4892430e-02   1.9635519e-02   2.4627443e-01  -2.7348547e-03  -1.8544008e-04  -5.5692125e-04
   3.3921810e-02   3.8937592e-02   2.6097138e-01  -1.8653938e-03  -1.3263672e-04  -5.0013850e-04
   1.4662493e-02   2.2864576e-02   2.4765185e-01  -2.4854668e-03   6.5730406e-05  -6.6727929e-04
   7.8806105e-03  -1.2257090e-02   2.5045369e-01  -2.7338285e-03   2.5861912e-04  -9.1415999e-04
   9.2339810e-03  -3.8973247e-02   2.3233840e-01  -2.9286196e-03   1.7022639e-04  -9.6705506e-04
   2.9579555e-03   1.7224115e-02   2.4875335e-01  -2.6311266e-03   2.4497503e-04  -9.0987393e-04
  -4.2956337e-03   1.7578237e-03   2.2057636e-01  -2.6617875e-03  -4.8332667e-04  -1.2064589e-03
  -1.5475373e-02   2.8953870e-03   2.0357160e-01  -2.7018075e-03  -1.7994053e-04  -1.0607362e-03
  -2.1808289e-02  -6.6641141e-03   1.6065792e-01  -2.0077848e-03  -1.2523019e-04  -9.3926405e-04
  -1.7236706e-02   2.6480564e-03   1.8104408e-01  -1.0652306e-03  -4.0356789e-04  -1.1211667e-03
  -1.8963217e-02  -8.8175378e-03   9.6592117e-02   5.6890781e-04  -2.2130301e-03  -8.8238715e-04
  -3.3257741e-02  -1.2118590e-02   8.9345852e-02   4.1869363e-04  -1.3718788e-03  -1.0574393e-03
  -1.2884535e-02   2.9797109e-02   1.3105877e-01  -2.2491712e-04  -1.3324163e-03  -1.0835018e-03
  -2.5724732e-03   2.3733836e-02   1.3756766e-01  -4.2093864e-04  -1.5134790e-03  -9.1394582e-04
   1.5278065e-02   2.4024968e-02   1.4967680e-01  -7.0875222e-04  -1.4036098e-03  -6.4069564e-04
   1.7399108e-02   1.0483989e-02   1.7020392e-01  -8.6818708e-04  -1.0507471e-03  -6.3007066e-04
   1.5450852e-02   1.8234036e-02   1.3406310e-01  -1.2446582e-03  -1.0041290e-03  -5.6811528e-04
   1.1542800e-02   6.7203969e-03   1.9481158e-01  -6.5290721e-04  -1.0542163e-03  -3.7591485e-04
  -1.0382996e-03  -5.3674427e-03   1.6358410e-01  -1.5237340e-03  -1.2380434e-03  -4.2789863e-04
   1.0747672e-02   6.5484613e-03   1.6428152e-01  -8.1112182e-04  -1.0451604e-03  -3.8561356e-04
   1.3433706e-02   1.1599215e-02   1.6550250e-01  -9.1570574e-04  -1.0346010e-03  -2.9083266e-04
   1.1847242e-02   1.0381404e-02   1.5222321e-01  -1.3051125e-03  -9.9306247e-04  -4.1526096e-04
   3.4951301e-02   3.3735827e-02   1.3118068e-01  -1.0612385e-03  -1.2798888e-03  -2.6788210e-04
   3.3540189e-02   5.1058700e-02   1.5173688e-01  -1.1644550e-03  -1.5858355e-03  -1.8365795e-04
   3.2823713e-02   4.9502001e-02   1.5510192e-01  -1.7345645e-03  -1.7873020e-03  -1.3554062e-04
   3.2625417e-02   5.5902468e-02   1.9951145e-01  -2.1716341e-03  -2.2407465e-03  -2.4284913e-04
   3.4762615e-02   4.4422258e-02   1.7719392e-01  -2.3138895e-03  -2.3090211e-03  -2.1784099e-04
   1.7082074e-02   6.1854126e-02   2.0426703e-01  -1.5042205e-03  -1.8831491e-03  -1.0489829e-04
  -3.6995170e-03   4.8703262e-02   1.3241239e-01  -1.2970822e-03  -1.6719485e-03  -4.4275615e-04
  -2.3049918e-02   2.3005543e-02   1.8946698e-01  -5.9358564e-04  -9.6381401e-04  -5.6527569e-04
  -8.4520493e-03   1.2301788e-02   2.0382604e-01  -1.2379278e-03  -1.2639043e-03  -1.4752084e-04
   1.3181190e-02   2.9994930e-02   2.2998574e-01  -1.2738543e-03  -1.6028608e-03  -6.7762533e-05
   1.8802864e-02   5.9903447e-02   2.2999191e-01  -1.3212023e-03  -1.6877184e-03  -1.2907434e-04
   2.3568709e-02   4.7801515e-02   2.2326151e-01  -2.0576936e-03  -1.6964982e-03  -1.1540420e-04
   3.6140089e-02   2.9116083e-02   2.0163833e-01  -1.9909219e-03  -1.6473248e-03   1.0241958e-04
   3.0257864e-02   2.1836166e-02   2.2315530e-01  -1.7546400e-03  -1.8482546e-03   9.9462492e-05
   2.4923445e-02   1.1278694e-03   2.1839772e-01  -2.3337451e-03  -1.7134268e-03   1.9297534e-04
   3.9075374e-02   2.0481897e-02   3.3512426e-01  -1.3763887e-03  -1.2278649e-03   4.8472806e-04
   3.0909491e-02   4.5333113e-02   2.2140796e-01  -1.1910587e-03  -1.3218469e-03   1.9605800e-04
   2.1558938e-02   4.9122110e-02   2.3375122e-01  -1.3705996e-03  -1.5802650e-03   2.8401356e-04
   2.9063263e-02   3.4446624e-02   2.1092748e-01  -2.0829597e-03  -1.5683577e-03   1.4557701e-04
   2.7956075e-02   4.6628098e-02   2.3271838e-01  -1.2877591e-03  -1.7553248e-03   1.9387564e-04
   2.3377439e-02   4.6776587e-02   2.2280581e-01  -2.8700920e-03  -1.8830222e-03   4.0508284e-04
   2.6928470e-02   2.4291342e-02   2.8748800e-01  -2.1082303e-03  -1.2598819e-03   3.3929541e-04
   1.8010469e-02   1.8579400e-02   3.1554154e-01  -3.0109936e-03  -1.3768165e-03   4.7925426e-04
   1.7631646e-02   5.0488283e-02   1.6175231e-01  -9.6452131e-04  -1.5878905e-03   1.0333182e-04
   1.3893426e-02  -3.5122485e-03   1.3727781e-01  -1.8244925e-04  -1.8372564e-03  -3.7980300e-04
   8.2137635e-03   4.8513601e-02   2.0301334e-01  -5.1011431e-03  -6.7149315e-04  -2.6738968e-04
   2.0256645e-02   5.6743985e-02   2.4760862e-01  -4.2894943e-03  -8.1405533e-04  -1.2446243e-04
   2.6184663e-02   5.1196102e-02   3.2211321e-01  -3.9311056e-03  -9.3916707e-04  -6.7283190e-05
   3.6448965e-03   4.0294537e-02   2.1917335e-01  -3.2747625e-03  -1.3498800e-03  -1.8723037e-04
   9.1894168e-03   6.0965697e-02   3.1206812e-01  -4.4990216e-03  -1.2142973e-03  -9.6512086e-05
   6.0402012e-03   6.1643044e-02   3.3321783e-01  -4.0067118e-03  -1.1824710e-03   1.9419773e-05
  -6.7820107e-03   3.7410250e-02   3.1322785e-01  -4.1003706e-03  -1.0224624e-03  -4.2865057e-05
  -1.2219906e-02   3.3922751e-02   3.2824154e-01  -3.6349965e-03  -9.1722484e-04  -1.8630849e-04
  -3.3786761e-03   1.0641915e-02   3.1752678e-01  -4.3876785e-03  -9.0964536e-04  -9.8070253e-05
  -1.6825429e-03   1.2372608e-02   3.7966720e-01  -4.3735769e-03  -9.3650207e-04  -1.4680572e-04
   1.1588146e-04   1.5691509e-02   3.8224896e-01  -4.6957151e-03  -1.3062440e-03  -1.9285636e-04
  -4.0510667e-03  -1.7549627e-03   3.4896108e-01  -5.0684125e-03  -1.2296614e-03  -5.5757419e-05
   1.9213776e-03  -3.6007126e-04   3.7719745e-01  -4.7227501e-03  -8.4067232e-04  -8.6207875e-05
   8.9873837e-03  -1.0665801e-02   4.0721488e-01  -5.2736721e-03  -1.1722442e-03   5.8142249e-05
   1.0282366e-02   8.3324315e-03   4.4432127e-01  -5.5031621e-03  -1.2991327e-03   1.4274246e-04
   1.2125073e-02   2.1949911e-02   4.4425120e-01  -5.5418365e-03  -1.1988912e-03   1.3407018e-04
   6.8666759e-03   3.6153593e-02   4.8937754e-01  -5.8406182e-03  -1.3725168e-03   1.8257304e-04
   4.5372156e-03   2.2091874e-02   4.9012282e-01  -6.7566661e-03  -1.6210812e-03   8.5390558e-05
   1.7898297e-02   4.6209266e-02   5.0204044e-01  -5.8455427e-03  -1.3408725e-03   4.4764664e-04
   1.1936102e-02   3.1872311e-02   5.2152519e-01  -6.5193011e-03  -1.6411687e-03   2.0407285e-04
   7.7367932e-03   2.0352783e-02   5.0705539e-01  -6.6640898e-03  -1.9427732e-03  -9.7866449e-05
   2.8941944e-02   3.6075789e-02   4.9489021e-01  -6.5767138e-03  -1.2502411e-03   1.6289677e-04
   1.1828920e-02   3.5720360e-02   4.9575331e-01  -6.3858689e-03  -8.0830388e-04  -1.4748795e-04
  -2.1681835e-02   4.6290685e-02   4.8323699e-01  -6.6040001e-03  -7.0993857e-04  -5.1964933e-04
  -3.5751625e-02   4.0506313e-02   4.7995961e-01  -6.8996209e-03  -6.7423075e-04  -7.9886952e-04
  -4.4819853e-02   5.2761709e-02   5.2453881e-01  -7.1274325e-03  -4.2916521e-04  -8.2474117e-04
  -5.9359985e-02   4.0252105e-02   4.6467509e-01  -6.8409176e-03  -7.8994520e-04  -9.6669739e-04
  -6.1425610e-02   5.1578348e-02   4.7501549e-01  -6.0071711e-03  -5.0198866e-04  -9.9941071e-04
  -5.7920235e-02   5.8555233e-02   4.9591140e-01  -6.0073935e-03  -8.7116129e-04  -7.1362605e-04
