   0.0000000e+00   0.0000000e+00   0.0000000e+00   0.0000000e+00   0.0000000e+00   0.0000000e+00
  -2.3872008e-03  -2.7206885e-02   2.3313182e-03  -4.9356495e-04   1.3344712e-04   1.6916363e-04
  -8.7970830e-04  -4.1585862e-02   2.8962798e-02  -1.2519318e-03   6.0160718e-04   5.9212041e-04
  -5.7688727e-03  -3.7742247e-02   1.2383103e-02  -1.4479741e-03   1.0025379e-04   4.9025592e-04
  -1.9673746e-02  -7.4432457e-02  -1.4930092e-02  -2.0947800e-03   3.4672834e-04   3.3371085e-04
  -1.2020858e-02  -5.5486322e-02   1.6608995e-02  -1.8916675e-03   4.6375412e-04   1.4078093e-04
  -1.0708769e-02  -6.9179193e-02   2.9278337e-02  -1.8361831e-03   6.8360444e-04  -2.5602324e-04
  -7.4136915e-04  -7.3041045e-02   2.7801084e-02  -3.0050591e-03   3.9379807e-04   1.3935084e-04
   3.7795123e-03  -6.7791710e-02   7.7805798e-02  -2.8756477e-03   4.0789544e-04   2.0571508e-04
  -4.3710794e-03  -6.6877167e-02   6.8563467e-02  -1.7565565e-03   2.4914649e-04   7.9032961e-05
  -4.8407324e-04  -7.5186428e-02   5.8564609e-02  -2.6404717e-03  -8.2267050e-06   3.4277176e-04
  -3.1058357e-03  -4.8472347e-02   3.1667047e-02  -1.3543947e-03  -3.1402008e-05   2.4550283e-04
   1.4350765e-02  -6.1380103e-02   4.5277790e-02  -1.7438803e-03  -2.3507254e-04   5.6564588e-05
   1.3056049e-02  -6.2285029e-02   6.4408351e-02  -2.1235736e-03   8.9166871e-05   2.1875884e-04
   1.2612893e-02  -6.2460071e-02   2.7861170e-02  -1.6745065e-03  -1.4996275e-04   1.7714150e-04
   8.8782389e-03  -7.6675185e-02   3.4801198e-02  -2.1083808e-03   7.8615612e-04   1.6184350e-04
   1.6889022e-03  -7.2847615e-02  -3.8734774e-02  -9.2815239e-04  -5.5001587e-05   1.3697295e-04
  -1.9226880e-02  -7.1181277e-02  -1.5167896e-02  -1.1679290e-03  -4.4987305e-04   1.3942348e-04
  -2.3319832e-02  -6.5340160e-02   2.6467903e-02  -2.5353358e-03   4.4547851e-04  -2.5332259e-04
  -1.6837359e-02  -5.4965248e-02   7.6107210e-03  -1.8879940e-03  -6.6033129e-05   2.4461526e-05
  -1.5542157e-02  -6.6593467e-02   1.4086234e-02  -2.4337033e-03   2.6325692e-04  -1.0966026e-04
  -2.0540963e-02  -6.9295832e-02   3.8302920e-02  -1.7369387e-03   1.6805349e-04  -4.1145899e-04
  -3.8403892e-02  -5.9732743e-02   2.1685042e-02  -1.6395243e-03  -5.7903252e-05  -5.8228638e-04
  -3.1134209e-02  -6.5933777e-02   4.4140971e-02  -2.0122670e-03   2.4115421e-04  -3.3877755e-04
  -4.2289357e-02  -6.3457755e-02   4.1561654e-02  -2.1115646e-03   6.0977632e-04  -2.1621729e-04
  -2.7207905e-02  -5.6611539e-02   5.9743202e-02  -1.8359227e-03   7.5058503e-04  -4.5290445e-04
  -4.1165033e-02  -7.2257160e-02  -2.6131810e-02  -2.5040451e-03   8.1076512e-04  -2.4920829e-04
  -3.1830492e-02  -6.7754719e-02   6.2963912e-03  -2.5685109e-03   9.5202335e-04  -2.9886372e-04
  -3.0062406e-02  -8.1443304e-02  -1.4983239e-02  -2.2712872e-03   1.2214178e-03  -1.6145571e-04
  -2.8636737e-02  -6.6510721e-02  -5.9703173e-03  -2.0892706e-03   7.7897478e-04  -2.0388331e-04
  -2.3543596e-02  -8.5601029e-02  -1.5793923e-02  -2.6678069e-03   1.0673819e-03  -2.4817759e-05
  -3.2377099e-02  -7.6267158e-02  -1.2920918e-02  -2.3144051e-03   1.1157919e-03  -2.1445277e-04
  -2.3431287e-02  -6.0877379e-02  -3.1203660e-03  -2.1202024e-03   7.8636680e-04   1.8410489e-04
  -1.6837669e-02  -4.9780181e-02   2.7796665e-02  -1.7047755e-03   1.0488075e-03   1.7084390e-04
  -2.0417264e-02  -5.1271457e-02  -3.5781017e-02  -1.5272370e-03   1.0437230e-03  -1.6071122e-04
  -2.4468198e-02  -3.9828976e-02  -7.4902864e-02  -2.2693461e-03   1.2058037e-03   2.2753888e-04
  -1.6178992e-02  -2.5162730e-02  -8.9381848e-02  -1.9977882e-03   1.3840050e-03   1.2187445e-04
  -1.4246278e-02  -2.2888197e-02  -8.0608751e-02  -1.8169422e-03   1.3959864e-03   4.4867296e-04
  -8.0643401e-03  -3.2491308e-02  -1.0154284e-01  -2.4546027e-03   1.5888300e-03   3.3574002e-04
  -1.2845451e-02  -2.2992706e-02  -5.0462148e-02  -2.1657497e-03   1.3004184e-03   7.6623982e-05
  -4.5296424e-02  -2.2535866e-02  -7.3801875e-02  -1.8889361e-03   1.1825370e-03  -2.2483870e-04
  -4.8046244e-02  -2.9237302e-02  -6.2292075e-02  -2.2036522e-03   1.2280557e-03  -1.8693985e-04
  -4.1973485e-02  -3.5677505e-02  -2.4175795e-02  -2.3241640e-03   1.2015196e-03  -4.1914966e-04
  -4.2990407e-02  -2.5948815e-02  -7.5777756e-02  -1.9085270e-03   1.3301099e-03  -1.5162263e-04
  -3.5536536e-02  -2.1392889e-02  -9.4067545e-02  -2.6557212e-03   1.7481980e-03   2.5668193e-05
  -3.8613048e-02  -2.2435719e-02  -3.6004491e-02  -2.0569414e-03   1.4596257e-03   1.5393206e-05
  -4.8537812e-02  -2.7612495e-02  -5.3921708e-02  -1.6427950e-03   1.5952790e-03  -1.6304258e-04
  -4.2487065e-02  -2.1069536e-02  -9.2282073e-02  -1.8246499e-03   1.8379327e-03   2.3608264e-04
  -4.2903777e-02  -5.2164669e-05  -8.6116220e-02  -1.6352914e-03   1.7082763e-03  -1.8008183e-04
  -3.6230653e-02  -1.0811178e-02  -9.3887151e-02  -1.7346669e-03   2.1055717e-03  -5.3241504e-05
  -2.7175998e-02  -2.8443171e-02  -1.2588968e-01  -2.5224273e-03   1.7418239e-03  -1.6160173e-04
  -2.4330222e-02  -2.1069817e-02  -1.2524621e-01  -1.9182456e-03   1.6133734e-03  -8.9742324e-05
  -1.7232437e-02  -3.5915740e-02  -7.7351848e-02  -2.1014076e-03   1.6994169e-03   1.5978939e-05
  -2.3979221e-02  -4.2748389e-02  -1.0578408e-01  -1.4658372e-03   1.8398949e-03   1.5376039e-04
  -1.7173329e-02  -5.5746158e-02  -4.9183746e-02  -2.5625628e-03   1.4007635e-03  -1.7232660e-04
  -1.1173863e-02  -4.2506158e-02  -6.7754630e-02  -9.6167960e-04   4.1219122e-04  -1.2182200e-04
  -2.1896001e-02  -7.1397216e-02  -2.4167994e-01  -2.4027425e-03   1.0274606e-03   2.5902141e-04
  -1.3993127e-02  -6.7149146e-02  -1.0077113e-01  -4.2488427e-03   7.9599837e-04  -8.6310497e-05
  -2.1271748e-02  -7.8785261e-02  -1.6143370e-01  -2.4263462e-03   9.4459639e-04  -1.6151598e-04
  -2.5701573e-02  -9.0973357e-02  -1.3037045e-01  -3.5285668e-03   1.3080532e-03  -2.2231970e-04
  -1.5926288e-02  -7.1822581e-02  -2.0211844e-01  -2.8855087e-03   1.2140166e-03  -3.4722366e-04
  -3.3440700e-02  -7.5941458e-02  -1.5181884e-01  -4.3942979e-03   1.9886274e-03  -2.8550751e-04
  -5.6739009e-02  -6.2640851e-02  -1.3431249e-01  -3.9965860e-03   1.7788874e-03  -1.1305605e-03
  -6.7595148e-02  -5.4987857e-02  -1.6641339e-01  -3.8712546e-03   1.6610785e-03  -1.4091608e-03
  -6.0373379e-02  -2.3207951e-02  -1.4216966e-01  -3.6018326e-03   1.6156727e-03  -1.2076716e-03
  -7.7081125e-02  -2.1771502e-02  -1.4395630e-01  -3.4821699e-03   1.5695009e-03  -1.1816986e-03
  -7.7499933e-02  -2.5841836e-02  -1.8159833e-01  -3.2696248e-03   1.4650371e-03  -1.1570577e-03
  -7.1266926e-02  -2.8307991e-02  -1.4665181e-01  -3.1062976e-03   1.5713073e-03  -1.0074261e-03
  -7.2095819e-02  -4.2331936e-02  -2.0526643e-01  -2.9391679e-03   1.8115782e-03  -8.9400704e-04
  -6.8254605e-02  -4.2643027e-02  -1.7563301e-01  -3.1346543e-03   1.7137219e-03  -7.3678249e-04
  -6.7555305e-02  -5.5866529e-02  -2.1561714e-01  -2.6791864e-03   1.8250189e-03  -4.0617928e-04
  -6.1910740e-02  -6.3669100e-02  -2.2154197e-01  -2.9002855e-03   2.5370185e-03   7.7320889e-05
  -4.1557988e-02  -5.3751575e-02  -2.4472060e-01  -2.7863106e-03   2.0751810e-03  -1.5145872e-04
  -3.2182555e-02  -2.7311622e-02  -1.9778729e-01  -3.0902531e-03   1.6850207e-03   1.3137204e-04
  -2.9580425e-02  -3.6612253e-02  -2.5731055e-01  -3.0579597e-03   1.8649892e-03   1.0968811e-05
  -3.2296364e-02  -6.2774584e-03  -2.6555148e-01  -2.7016681e-03   2.1028680e-03   3.4960260e-04
  -1.5416584e-02   8.5485032e-03  -2.6139807e-01  -1.4733594e-03   1.8088877e-03   4.6863261e-05
  -3.2578859e-02   1.7992206e-03  -2.8085542e-01  -2.4113725e-03   1.8767626e-03  -8.0540322e-05
  -4.4184303e-02  -6.4760235e-03  -3.2282639e-01  -1.3930267e-03   1.8519011e-03   5.1030654e-05
  -3.8366769e-02  -2.5028778e-02  -3.1229649e-01  -1.8022978e-03   1.8872898e-03   2.2511745e-04
  -4.7863811e-02  -2.1604493e-02  -3.0744483e-01  -2.0628394e-03   2.4244839e-03   3.9180869e-05
  -4.9142828e-02  -1.8961658e-02  -2.7707555e-01  -2.6626026e-03   2.3975783e-03   3.4661187e-05
  -4.8977641e-02  -2.8309024e-02  -3.4840874e-01  -1.9518689e-03   1.6938566e-03  -1.6093112e-04
  -5.3685431e-02  -1.3263405e-02  -3.0964103e-01  -2.7370711e-03   2.2554305e-03   2.1475540e-04
  -7.9052016e-02  -6.1056771e-02  -3.1957862e-01   2.3680759e-05   7.5723927e-04  -4.3382671e-04
  -1.0950274e-01  -6.3229638e-02  -3.0547745e-01  -3.9645615e-03   3.6674551e-04  -1.4258300e-04
  -8.0811281e-02  -8.3838140e-03  -2.4128703e-01  -4.6329209e-03   1.3103772e-03   1.9681386e-04
  -9.0036508e-02   8.9752798e-04  -2.2513890e-01  -3.1370614e-03   1.3380550e-03   5.1811227e-05
  -9.3182263e-02  -1.2751354e-02  -2.3955846e-01  -3.4240989e-03   1.7757463e-03  -1.5986258e-04
  -9.1313271e-02  -1.5146337e-02  -2.1060892e-01  -3.2990493e-03   1.8319895e-03  -1.0958042e-04
  -8.7502682e-02  -2.0315837e-02  -1.6451782e-01  -3.5264046e-03   1.9687441e-03  -2.6119655e-04
  -8.3789126e-02  -3.7259635e-02  -1.7735963e-01  -2.7241735e-03   1.8903120e-03  -1.4422539e-04
  -5.2217263e-02  -2.4862207e-02  -1.3447186e-01  -2.8138795e-03   2.1014593e-03   1.4944698e-04
  -6.6537274e-02  -4.0631936e-02  -1.8529295e-01  -3.1728331e-03   2.5937112e-03   1.2049893e-04
  -5.1165533e-02  -2.5914217e-02  -1.8768031e-01  -3.1197390e-03   2.2662758e-03   3.1763945e-04
  -3.9028502e-02  -2.6410328e-02  -2.0403883e-01  -3.8274960e-03   2.1573937e-03   3.6441830e-04
  -3.1009239e-02  -2.4305725e-02  -1.8480804e-01  -4.0012131e-03   2.1189353e-03   7.2549483e-04
  -3.5619111e-02  -5.0198827e-02  -2.2410387e-01  -3.7171294e-03   2.1603273e-03   4.5845466e-04
  -3.2983818e-02  -5.8164829e-02  -1.7890869e-01  -3.8904355e-03   2.4734069e-03   6.8025662e-04
  -5.1722365e-02  -5.3960745e-02  -1.5277675e-01  -3.6654269e-03   2.1144621e-03   4.1532298e-04
  -3.1513395e-02  -4.7484791e-02  -1.9157217e-01  -4.2424133e-03   2.6624737e-03   6.7383440e-04
  -4.4024632e-02  -6.8970419e-02  -1.3057341e-01  -3.8248770e-03   2.2590997e-03   7.1710563e-04
  -5.7082768e-02  -6.9923880e-02  -1.7501987e-01  -4.4360951e-03   2.9031901e-03   5.0579582e-04
  -3.6573517e-02  -6.0489551e-02  -1.3748673e-01  -4.1700434e-03   2.9720389e-03   8.8752134e-04
  -3.3104891e-02  -5.5662715e-02  -1.6473608e-01  -3.1048071e-03   2.7837848e-03   9.6523005e-04
  -3.9031950e-02  -8.4609813e-02  -1.5384819e-01  -4.3778826e-03   2.6652852e-03   1.4448417e-03
  -9.2140418e-03  -5.0049682e-02  -1.7733625e-01  -3.0874977e-03   2.4228257e-03   1.6561565e-03
   2.7994386e-03  -2.0435668e-02  -1.1593765e-01  -4.3530712e-03   2.0998064e-03   1.9110939e-03
  -4.3303142e-02  -3.8670361e-02  -6.1312977e-02  -5.4796784e-03   1.5281698e-03   1.1815531e-03
  -4.2486228e-02  -3.5234908e-03  -1.1912424e-01  -5.3846471e-03   1.6713456e-03   1.0455935e-03
  -5.6532996e-02  -4.2100937e-03  -1.6635825e-01  -5.7528806e-03   1.9146730e-03   7.0126787e-04
  -4.4383063e-02  -1.3767244e-02  -1.2270001e-01  -5.7264405e-03   2.1496945e-03   5.3641387e-04
  -4.7326022e-02  -1.6143063e-02  -1.9042776e-01  -5.3897940e-03   2.1899258e-03   9.5064408e-04
  -5.3652284e-02  -1.9994023e-02  -1.1386427e-01  -5.6475903e-03   2.3168361e-03   4.8798928e-04
  -4.9709766e-02  -2.3755124e-02  -1.5335538e-01  -4.2990226e-03   2.3292944e-03   8.3774935e-04
  -3.1250054e-02  -2.3885379e-02  -7.1205985e-02  -4.5951540e-03   2.5882526e-03   1.1168841e-03
  -3.6238049e-02   3.4002754e-04  -1.2967817e-01  -4.1042236e-03   2.1932041e-03   1.0136512e-03
  -2.4531781e-02  -2.3624318e-02  -1.6362480e-01  -4.7693228e-03   2.3893744e-03   1.0684751e-03
  -2.5652693e-02  -1.6349465e-02  -1.3646045e-01  -4.6891061e-03   2.4196810e-03   1.1018430e-03
  -1.4296375e-02  -2.0178030e-02  -1.9845104e-01  -4.2635456e-03   2.3731874e-03   1.0983683e-03
  -1.3621992e-02  -9.1710776e-04  -1.3986592e-01  -4.1874963e-03   2.5959513e-03   1.3595848e-03
  -1.0166086e-02  -1.5575029e-02  -1.7969086e-01  -3.9239201e-03   2.7699197e-03   1.6065707e-03
  -1.4752940e-02  -2.6889616e-02  -2.3317381e-01  -4.5015800e-03   2.8970282e-03   1.7389902e-03
  -3.2140481e-03  -1.0006877e-02  -1.5728325e-01  -4.4983796e-03   2.5330762e-03   1.4014034e-03
  -1.4334876e-02  -5.3027881e-03  -2.6097999e-01  -4.1811480e-03   2.4505021e-03   1.3887388e-03
  -3.5430388e-03   2.3863510e-04  -1.6580020e-01  -4.2651316e-03   2.0853034e-03   1.3712450e-03
  -2.7655901e-02   1.1433408e-02  -2.1702401e-01  -4.2853292e-03   2.2440553e-03   1.2140683e-03
  -2.5587603e-02   9.2780360e-03  -1.8524032e-01  -4.0926987e-03   2.2099749e-03   1.0940327e-03
  -2.4636867e-02  -2.2540691e-02  -3.1776261e-01  -4.2499577e-03   2.5493107e-03   1.4989040e-03
  -6.0596181e-03  -3.0142234e-02  -2.0192880e-01  -2.7576854e-03   1.6846749e-03   1.4802453e-03
  -5.0131924e-02  -2.0281685e-02  -3.3423295e-01  -5.7973748e-04   4.4949073e-04   1.4682733e-03
  -6.0022769e-02  -3.8057795e-02  -1.8606802e-01  -1.2934386e-03  -6.7219689e-05   1.4524212e-03
  -3.9157672e-02  -1.4234024e-02  -9.2493819e-02  -3.1641293e-03   7.6315506e-04   1.8546748e-03
  -4.6101431e-02  -9.3791053e-03  -1.2804816e-01  -3.2796074e-03   7.4165631e-04   2.2462098e-03
  -2.4550163e-02  -9.3372926e-03  -3.7866824e-02  -2.9789103e-03   1.0789466e-03   2.3382018e-03
  -2.0891867e-02  -1.6750544e-02  -4.7829373e-02  -3.3902515e-03   7.5635169e-04   2.3765271e-03
  -2.9297099e-02  -8.0702560e-03  -2.9477554e-02  -2.9717262e-03   3.6229577e-04   2.3327429e-03
  -2.7730224e-02   3.2650282e-03  -1.2621563e-01  -3.2633300e-03   9.9678070e-05   2.7396706e-03
  -2.7453813e-02   2.5386513e-02  -2.8344169e-02  -2.9210912e-03   9.7207627e-05   2.1821678e-03
  -2.2954348e-02   9.5736059e-03  -1.6092577e-01  -3.4283281e-03   2.5448533e-04   2.4308927e-03
  -1.7466821e-02   1.4651463e-02  -2.6263696e-02  -3.2498471e-03   5.0495421e-04   2.4729393e-03
  -2.4032466e-02  -6.5619174e-03  -6.1820204e-02  -4.2952319e-03   4.2145062e-04   2.1991309e-03
  -2.1820113e-02  -4.6919597e-02   1.1108282e-02  -3.7388268e-03   6.3875107e-04   2.4033884e-03
  -2.1456099e-02  -3.2558485e-02   1.3012326e-02  -3.8462796e-03   6.5550751e-04   2.1884763e-03
  -1.8569805e-02  -4.3098644e-02   3.8909441e-02  -4.6040112e-03   5.7169089e-04   2.4805587e-03
  -8.2435884e-03  -4.5145451e-02   1.4602262e-02  -4.6796036e-03   4.4361297e-04   2.5593155e-03
  -1.8647669e-03  -3.3690993e-02   5.8858265e-03  -4.8848760e-03   4.0243742e-04   2.4029065e-03
  -2.1021956e-02  -4.4716649e-02   1.8657318e-02  -3.9933308e-03   6.4975310e-04   2.5257603e-03
  -1.8808187e-02  -3.4676374e-02   2.7004060e-04  -4.4054651e-03   7.4478595e-04   2.6262445e-03
  -7.3664799e-03  -6.0038683e-02  -1.0847843e-01  -2.9833580e-03   2.0135107e-04   2.5807336e-03
  -6.7598079e-04  -2.9066248e-02   5.3078518e-02  -3.4103546e-03  -3.2389944e-04   2.7363990e-03
   2.4744818e-02  -1.7591822e-02  -8.0615709e-02  -4.3588589e-03   2.2559766e-05   3.0611012e-03
   2.9448127e-02   4.7050034e-03  -1.9005301e-02  -3.4761463e-03  -4.4364259e-04   2.7406163e-03
   9.8785115e-03  -5.4773248e-03  -6.8152218e-02  -4.0797254e-03   1.2206291e-04   2.9201428e-03
  -6.0222298e-03   8.0096223e-03  -1.8682372e-02  -4.5176162e-03   2.2403187e-04   2.3873187e-03
  -1.0593064e-02   5.1878178e-03  -5.5096718e-02  -3.9866203e-03   2.9072941e-04   2.1718643e-03
  -2.7792072e-02   8.7369470e-03  -9.7661179e-02  -3.9306279e-03   4.9709982e-04   2.4684728e-03
  -2.1103173e-02   2.5151876e-02  -1.1674409e-01  -3.9572413e-03   2.6975466e-04   2.0366025e-03
  -3.6830552e-03   1.6154253e-02  -1.5528486e-01  -4.0541109e-03   1.2040128e-04   2.3151623e-03
  -7.0315720e-03   1.5329330e-02  -1.3475198e-01  -3.8164832e-03   1.2082843e-04   2.1887139e-03
