   0.0000000e+00   0.0000000e+00  -7.1054274e-15   0.0000000e+00   0.0000000e+00   0.0000000e+00
  -4.2788257e-03  -2.0666629e-03   1.9237471e-02  -1.2298451e-05  -5.7623207e-04   1.0293962e-04
  -1.0643156e-02  -3.0613515e-03   5.2669172e-02  -1.3674017e-04  -3.5456616e-04   1.4621948e-04
  -1.2568779e-02   3.1045792e-02   5.6591191e-02  -3.9995809e-04  -4.3457947e-04  -1.2703542e-04
  -9.1108334e-03   1.9747098e-02   8.3285070e-02  -3.1056972e-04  -4.5004855e-04  -8.8987517e-05
  -4.0283114e-03   2.2035887e-02   6.8648297e-02   9.8165513e-05  -3.7852818e-04   2.3294808e-04
   2.5768244e-02  -4.3685914e-03   1.1250192e-01  -1.3265477e-04  -9.3651348e-04  -1.7154563e-04
   2.6585371e-02   4.1830121e-03   1.2013735e-01  -2.3219669e-04  -6.4996677e-04  -6.7165493e-05
   2.6301369e-02   1.9818307e-03   1.0628238e-01  -6.7888624e-04  -5.9024087e-04  -2.4282158e-04
   1.6904412e-02   1.2100917e-02   8.3572572e-02  -8.0826785e-04  -3.2095718e-04  -1.4616885e-04
   3.3071714e-02   2.8807458e-02   1.5292997e-01  -8.3957854e-04  -3.5546517e-04  -3.2423288e-04
   3.7662017e-02   2.7278634e-03   1.8445701e-01  -1.4546611e-03  -4.1556272e-04  -2.3716497e-05
  -1.6024907e-03  -1.3494076e-02   1.4470971e-01  -2.0488231e-03  -4.4974282e-04   3.4099140e-05
   6.0863986e-03  -3.6268156e-03   8.2033479e-02  -1.0133937e-03  -6.4175769e-04   1.7480283e-04
  -3.9873832e-03   3.0020682e-03   1.3784760e-01  -1.5965746e-03  -5.4288471e-04  -3.4593686e-04
   2.2018573e-02  -1.0372498e-02   1.2577902e-01  -1.4149084e-03  -5.0338709e-04   5.1660222e-04
   2.8526455e-02  -9.0170641e-02   2.8530243e-02  -1.1255601e-03   5.8362046e-05   7.3056658e-04
  -3.0446928e-02  -2.0281152e-02   4.5499479e-02  -3.2768304e-03   3.1892572e-04  -1.1832721e-04
  -4.9321493e-02  -1.1067645e-02   7.9947960e-02  -1.8076492e-03  -3.5646384e-04   1.2377712e-04
  -3.9569668e-02  -1.8832607e-02   1.0574368e-01  -2.2373599e-03  -4.5652374e-04  -9.3816395e-05
  -3.2903342e-02  -3.3171413e-02   1.2411510e-01  -2.4490474e-03  -6.8090813e-04   5.9370136e-05
  -5.6202030e-02  -1.9819854e-02   1.3269380e-01  -2.5272024e-03  -7.1804935e-04  -6.7343061e-06
  -7.0419962e-02  -1.6064744e-02   1.0467262e-01  -2.5475668e-03  -9.7554448e-04   5.6628011e-05
  -5.2703879e-02  -4.6505136e-02   1.0136740e-01  -2.3771103e-03  -7.6177555e-04   7.7380526e-05
  -4.8984077e-02  -4.1719689e-02   1.0935570e-01  -2.0234841e-03  -7.1748071e-04   5.8674456e-04
  -3.9912956e-02  -2.4329192e-02   1.0162668e-01  -1.5768741e-03  -8.7380641e-04   2.9537821e-04
  -3.8362714e-02  -1.7600933e-02   9.3189712e-02  -1.6374176e-03  -1.2288698e-03   2.0693007e-04
  -3.5618613e-02  -1.4974107e-02   6.7908566e-02  -2.0266089e-03  -1.0357698e-03   2.7869562e-04
  -1.3777109e-02  -9.7510253e-03   9.7367354e-02  -1.4795854e-03  -1.2739785e-03   2.6285043e-04
  -1.6373084e-02   3.8113443e-03   1.4009591e-01  -2.5169771e-03  -1.3564894e-03   3.4632475e-04
  -3.6349083e-02  -7.6416077e-03   9.9829751e-02  -2.4138600e-03  -7.3585485e-04   5.1306646e-04
  -5.7910671e-02  -9.4126331e-04   8.1757571e-02  -2.7334701e-03  -5.9420540e-04   1.7591458e-04
  -4.8587325e-02  -3.3548296e-03   1.1373663e-01  -1.7002971e-03  -4.9025068e-04   1.3236624e-04
  -3.9176759e-02  -1.0617566e-02   1.3612210e-01  -1.9500903e-03  -9.5152578e-04   6.9111262e-04
  -3.8228968e-02  -7.4133937e-03   1.7595200e-01  -2.0557452e-03  -1.1458674e-03   4.3263600e-04
  -4.0527433e-02   4.1461129e-04   1.9043953e-01  -2.1235075e-03  -1.1114727e-03   4.4810580e-04
  -4.1001640e-02   7.8452616e-03   2.0443963e-01  -2.2578757e-03  -1.2697012e-03   4.8300994e-04
  -5.0931262e-02   9.5644399e-03   2.0222799e-01  -2.1335841e-03  -1.2555405e-03   6.2042938e-04
  -3.5732981e-02   1.2880441e-02   2.3391283e-01  -1.9114426e-03  -1.1332659e-03   6.2987874e-04
  -6.4483599e-02   7.3044646e-03   1.6851537e-01  -2.2799368e-03  -9.4703433e-04   6.1326582e-04
  -9.1216723e-02   2.1279680e-02   1.8074306e-01  -2.0499367e-03  -1.2549566e-03   5.4736887e-04
  -9.0601509e-02   1.7931220e-02   1.8534307e-01  -2.1060994e-03  -1.1415010e-03   3.7690276e-04
  -9.5798118e-02   2.3724555e-02   1.5241232e-01  -2.5801942e-03  -1.0546225e-03   3.8876574e-04
  -1.0473911e-01   2.2973613e-02   1.6169462e-01  -1.7290391e-03  -1.2161207e-03   2.6685878e-04
  -1.0402194e-01   1.4106761e-02   1.5914296e-01  -1.7990068e-03  -1.2498001e-03   4.4968129e-04
  -1.1260147e-01   3.0054021e-02   1.3378211e-01  -1.6735469e-03  -1.6301858e-03   5.5414685e-04
  -8.8304539e-02   1.2336525e-02   1.8815852e-01  -1.5462290e-03  -1.3763319e-03   7.0753066e-04
  -7.2474744e-02   4.7798794e-03   8.9474332e-02  -9.9885278e-04  -1.1675215e-03   7.5151839e-04
  -7.0152343e-02   1.3598722e-02   7.1704083e-02  -8.3846828e-04  -1.3780440e-03   5.4662062e-04
  -6.6607936e-02   7.2721147e-03   7.9941317e-02  -6.4063328e-04  -1.3398570e-03   6.3217482e-04
  -5.8568502e-02   6.8843631e-03   5.4331862e-02  -1.1697569e-03  -1.9642802e-03   8.1165032e-04
  -5.0027426e-02   1.8773766e-02   5.3440786e-02  -1.9458398e-04  -1.8162778e-03   7.2791632e-04
  -4.3126278e-02   2.7031358e-02   5.3067262e-02  -3.1140122e-05  -1.7883833e-03   9.1343321e-04
  -4.6688378e-02   2.4592451e-02   9.7153572e-02  -1.7120065e-04  -1.6299483e-03   1.1246425e-03
  -5.8017328e-02   2.1020080e-02   3.6739220e-02  -7.3147917e-05  -2.2769772e-03   1.2997795e-03
  -4.3101734e-02   5.7303270e-03   7.8554199e-02   1.4127941e-04  -1.7553188e-03   1.2639928e-03
  -4.2564006e-02   3.2687366e-02   9.8484412e-02  -1.4468114e-04  -1.6513146e-03   1.5422936e-03
  -4.5925119e-02   3.7804551e-02   5.6268244e-02   1.2761052e-04  -1.5445571e-03   1.4703116e-03
  -6.3891761e-02   3.3146397e-02   4.5288201e-02   5.5421692e-05  -1.4392172e-03   1.7248016e-03
  -5.4864768e-02   4.5927118e-02   1.1901464e-01  -2.6607806e-05  -1.4912632e-03   1.5007352e-03
  -5.0875847e-02   3.5963091e-02   1.0996395e-01  -4.8534472e-04  -1.3663587e-03   1.5524688e-03
  -8.5430681e-02   3.4226247e-02   5.1894473e-02   7.6620736e-05  -9.4107969e-04   1.2970517e-03
  -1.0647889e-01   1.1252440e-02   3.0066858e-02  -2.3822819e-04  -7.5760826e-04   1.0398043e-03
  -1.0296917e-01   4.7380349e-03  -2.8120560e-02  -2.1277729e-04  -7.1531972e-04   1.7737270e-03
  -9.1382794e-02   2.4265992e-02  -2.6222325e-02   5.7191638e-04  -7.2396631e-04   1.6676386e-03
  -9.4591492e-02   1.3502895e-02   6.5231934e-03  -5.4109969e-05  -2.3756022e-04   1.7988211e-03
  -8.0933303e-02  -7.5793680e-03  -3.3395584e-02   4.2613512e-04  -8.3590333e-04   2.0265274e-03
  -8.8490723e-02  -1.5780908e-02   1.4191163e-02   1.7086615e-04  -8.3320782e-04   2.0278074e-03
  -7.3315060e-02  -1.4366375e-02  -1.2389092e-02   9.3487524e-04  -8.3104488e-04   1.9509086e-03
  -6.3907672e-02   1.4313260e-02  -1.9664709e-03   6.5441556e-04  -1.1891725e-03   2.1277470e-03
  -5.8606457e-02   1.8329609e-02   5.8667649e-03   5.9978193e-04  -1.0226902e-03   1.9234709e-03
  -4.7498116e-02   1.6078066e-02   3.8332573e-02   4.1715221e-04  -9.6716629e-04   2.2228550e-03
  -4.6580612e-02   6.3029060e-03   2.0592650e-03   6.5702044e-04  -8.9617384e-04   2.3852113e-03
  -4.5429197e-02   1.3488565e-02   3.5312418e-02   4.2731236e-04  -7.6269415e-04   2.4260932e-03
  -5.0292296e-02   2.5694845e-02   4.9270375e-02   5.4144027e-04  -1.7054686e-04   2.3538809e-03
  -2.9705425e-02   1.0220468e-02   6.5191196e-03   1.1348523e-03  -6.1798246e-04   2.6350647e-03
  -3.4517350e-02   2.1435261e-02   5.1808236e-02   6.8693200e-04  -5.4289907e-04   2.6042122e-03
  -3.6255358e-02   7.0275618e-03   6.1609359e-02   2.7405543e-04  -1.7918227e-05   2.5186613e-03
  -6.7170245e-02   3.5532495e-02  -8.0451545e-03   6.4483227e-04  -4.5968682e-04   2.4050399e-03
  -5.7191764e-02   5.1384648e-03   7.6632081e-02   8.9700095e-05  -4.3756622e-04   2.4728666e-03
  -3.2919040e-02   5.1518928e-02   1.9617742e-01   4.8181207e-04  -3.6840416e-04   2.7366687e-03
  -3.9250002e-02   6.1394122e-02   2.4771360e-01   1.4654264e-04   3.1874521e-04   2.5223641e-03
  -6.7201477e-02   5.9441088e-02   9.5746302e-02   2.0296709e-04  -1.0893719e-04   2.5099671e-03
  -8.0909299e-02   3.4382325e-02   1.7716294e-01   1.6974015e-04   4.5307124e-04   2.2125554e-03
  -9.5262697e-02   2.1200763e-02   9.7531144e-03  -1.4953206e-04   5.5213760e-04   2.7200893e-03
  -1.1409691e-01   4.8233645e-02   1.2811323e-01   3.6552085e-04   7.1946188e-04   2.2916855e-03
  -1.0786347e-01   3.6824678e-02   3.8940565e-02   4.1035094e-04   4.7825231e-04   2.3914926e-03
  -1.1224845e-01  -6.0605154e-02  -1.2419619e-01   4.8368560e-04   3.0237481e-03   2.4769784e-03
  -4.3300458e-02  -1.3396673e-01  -2.1260752e-01   1.9925706e-03   2.8795577e-03   2.6760735e-03
  -1.3931251e-01  -5.7339423e-02   3.4858135e-02  -1.1302487e-03   3.5244827e-03   2.7587752e-03
  -1.9186639e-01  -3.4011456e-02   2.1245096e-01  -1.3943327e-04   2.2025302e-03   1.4912414e-03
  -1.3847689e-01  -2.2853277e-02  -2.1606027e-02   1.8239136e-03   1.4800628e-03   2.5313020e-03
  -1.3147109e-01  -4.2857929e-02  -1.8772581e-02   1.0055626e-03   2.2515696e-03   2.6096774e-03
  -1.3514405e-01  -2.3740784e-02   3.9837439e-03   9.4544030e-04   1.7138456e-03   2.4826074e-03
  -1.2262806e-01  -5.0390620e-03   4.1498171e-03   6.4542524e-04   1.9274598e-03   2.5875691e-03
  -1.0785316e-01   3.0796638e-02  -2.7091260e-02   3.2535610e-04   2.1513279e-03   2.8560754e-03
  -9.6253607e-02   2.8203325e-02   6.0641840e-02   9.7847987e-05   2.1214794e-03   2.6631478e-03
  -8.2488261e-02   5.2220474e-03   9.8912544e-02   7.5530327e-04   1.5953229e-03   2.7348517e-03
  -7.2228819e-02  -5.2402454e-03   1.8842270e-01  -1.6228520e-04   1.7612737e-03   3.0723861e-03
  -4.7477479e-02  -4.2502939e-03   2.4265082e-01  -7.6086515e-04   1.6469870e-03   3.2305531e-03
  -3.3277046e-02   9.9943307e-03   2.2869979e-01  -7.6963446e-04   1.3088623e-03   3.4240296e-03
  -7.1303308e-02  -1.8214480e-03   1.8065403e-01  -9.4616413e-04   1.4766116e-03   3.1970491e-03
  -7.1560524e-02   2.1987511e-02   1.1372987e-01  -2.3792559e-04   1.3976152e-03   3.3516522e-03
  -7.8983633e-02   4.1886709e-02   1.4125912e-01  -9.2358257e-04   9.0003111e-04   3.4632309e-03
  -8.0823515e-02   3.5120283e-02   1.4771576e-01  -5.0079256e-04   1.3483942e-03   3.0342313e-03
  -7.6181869e-02   2.8933988e-02   1.3724474e-01  -1.1363114e-03   1.4173195e-03   3.2756770e-03
  -9.1425413e-02   2.0556167e-02   1.2377663e-01  -7.7795811e-04   1.3323905e-03   2.9869762e-03
  -1.2310834e-01   2.0043554e-02   9.5723914e-02  -8.4933602e-04   1.0433545e-03   2.9237144e-03
  -1.3946991e-01   4.3929386e-02   1.1057447e-01  -6.0995954e-04   5.7259005e-04   2.9201201e-03
  -1.2035333e-01   3.0526994e-02   1.3364757e-01  -2.0699897e-04   9.6873882e-04   2.7828529e-03
  -1.2930617e-01   3.8925245e-02   1.2555494e-01  -3.8376317e-04   6.2795841e-04   2.9266449e-03
  -1.3123924e-01   5.1366900e-02   1.2152133e-01  -5.5866597e-04   4.7982254e-04   2.9990577e-03
  -1.1391482e-01   4.0828303e-02   1.4797236e-01  -4.6427965e-04   6.7128086e-04   2.7261712e-03
  -1.2107493e-01   4.9201844e-02   1.4948784e-01  -6.4160607e-04   4.8964938e-04   2.8717740e-03
  -1.3016132e-01   6.1435361e-02   1.8971849e-01  -6.3761756e-04   1.8867959e-04   2.8278699e-03
  -1.1510266e-01   6.3384404e-02   1.8652693e-01  -4.7767326e-05  -2.2972313e-06   2.8614015e-03
  -1.1564692e-01   7.1277126e-02   1.6123664e-01  -4.5311144e-04   7.4057773e-05   2.8595870e-03
  -1.0815925e-01   6.3814145e-02   1.9659853e-01  -9.5829986e-04   2.7572183e-04   2.9260659e-03
  -8.9531168e-02   5.7566306e-02   1.6143300e-01   3.9365146e-04   1.1520391e-04   3.1896684e-03
  -9.4246169e-02   5.0784131e-02   1.2594479e-01  -3.2499335e-04  -3.4216024e-05   3.3163390e-03
  -7.3081788e-02   5.0630728e-02   1.9520687e-01  -1.2654494e-04  -9.5010685e-05   3.2428697e-03
  -7.6205760e-02   8.4210744e-02   2.1258672e-01  -3.5280310e-04  -4.0079510e-04   3.4189567e-03
  -6.4902936e-02   7.7946931e-02   2.3223959e-01  -3.0457408e-04  -1.5731315e-04   3.0413964e-03
  -6.9754859e-02   6.0379957e-02   2.4992002e-01  -9.5706951e-04  -4.0035321e-04   3.0364541e-03
  -7.4805918e-02   5.3180283e-02   2.0158802e-01   9.7189347e-05  -5.9518934e-04   3.2844242e-03
  -8.0468518e-02   5.7692884e-02   2.5483454e-01  -6.7703208e-04  -4.5340173e-04   3.3873554e-03
  -9.2761202e-02   6.2254596e-02   2.7886748e-01  -8.2834346e-04  -3.8191288e-04   3.0914641e-03
  -1.1012140e-01   7.8609861e-02   2.8342017e-01  -8.0958337e-04  -2.0053614e-04   2.6647671e-03
  -1.0602228e-01   4.9937407e-02   2.8599395e-01  -1.3079793e-03  -2.3197254e-04   2.9160658e-03
  -1.0327782e-01   5.6407223e-02   2.9020059e-01  -8.3718846e-04  -3.6922533e-04   3.0016574e-03
  -1.6096155e-01   5.2168514e-02   1.8523751e-01  -5.3020302e-05  -3.2229444e-04   3.2244931e-03
  -1.7237762e-01   5.3053825e-02   6.2523992e-02  -8.4482601e-04   6.7906016e-04   2.9367665e-03
  -1.8610729e-01   6.2370194e-02   8.3711367e-02  -1.2262947e-03   1.2067234e-03   2.9609336e-03
  -1.5874553e-01   6.3890545e-02   3.7839534e-02  -7.6755590e-04   1.3123296e-03   2.8260640e-03
  -1.5512451e-01   5.7928115e-02   6.2910292e-02  -1.1453330e-03   1.6032790e-03   2.7652497e-03
  -1.5680884e-01   8.1699755e-02   9.8750530e-02  -1.0869415e-03   1.7109768e-03   3.1096621e-03
  -1.5333449e-01   7.9836432e-02   1.3217180e-01  -6.6802767e-04   1.3841553e-03   3.3005523e-03
  -1.3856987e-01   6.0398642e-02   1.6499783e-01   3.8479323e-04   1.1232249e-03   3.2587051e-03
  -1.4415195e-01   5.8458889e-02   1.2766596e-01   3.7727879e-04   1.1537998e-03   3.2585406e-03
  -1.2568279e-01   7.2912418e-02   1.4161701e-01   5.6151341e-05   8.9069960e-04   3.4075634e-03
  -1.2736520e-01   5.4585121e-02   1.4985058e-01  -3.1493621e-05   1.0216095e-03   3.5590897e-03
  -1.1847253e-01   7.1242374e-02   1.4282981e-01   9.5000495e-05   1.0112596e-03   3.6887620e-03
  -1.2034989e-01   8.7667254e-02   1.5597364e-01   5.1859314e-04   6.7425392e-04   3.6575068e-03
  -1.2154125e-01   6.6707023e-02   1.4235638e-01   1.4145212e-04   6.4489657e-04   3.7822070e-03
  -1.1798369e-01   7.3541907e-02   1.4398995e-01  -3.2546374e-04   7.1127396e-04   3.7773652e-03
  -9.8450154e-02   6.9484275e-02   2.3526900e-01   1.5297955e-04   4.5289510e-04   3.8616997e-03
  -1.1886583e-01   8.5642911e-02   2.2040357e-01  -6.6171049e-04   2.5664103e-04   4.0662018e-03
  -9.9284512e-02   8.6561312e-02   2.4454265e-01   1.6481464e-04   3.9485976e-04   4.1743664e-03
  -1.1727688e-01   1.0192879e-01   1.3585770e-01  -9.1799118e-04   8.6168525e-04   4.3548875e-03
  -1.0910482e-01   1.2752420e-01   1.6297983e-01   6.8949534e-04   5.3267690e-04   4.2556369e-03
  -1.0888594e-01   1.0933457e-01   1.9538365e-01   1.2745376e-04   4.6390174e-04   4.1691987e-03
  -1.1113533e-01   1.0654704e-01   1.9241936e-01   3.8119666e-04   1.6759093e-04   4.2371540e-03
  -1.3401262e-01   1.0739194e-01   1.4901739e-01   5.8521268e-07   5.7331460e-04   4.2881354e-03
  -1.5035638e-01   9.3908495e-02   1.4100017e-01   1.1553749e-04   4.7115974e-04   3.8481837e-03
  -1.4688309e-01   8.2356547e-02   1.8134567e-01   3.7164695e-04   6.1327963e-04   3.8570864e-03
  -1.5532094e-01   7.3101974e-02   1.7558429e-01  -2.5910968e-04   6.2205345e-04   3.6823591e-03
  -1.5367655e-01   8.3011421e-02   2.0536345e-01  -3.4056412e-04   7.1398408e-04   3.7433135e-03
  -1.4069389e-01   8.3620966e-02   2.4149769e-01  -2.4170576e-04   6.9695101e-04   3.6127215e-03
  -1.3203107e-01   1.0752697e-01   2.9071826e-01  -4.4404783e-04   4.8675269e-04   3.9944220e-03
  -1.4914740e-01   8.8147198e-02   2.5791608e-01  -5.3026597e-04   9.3401445e-04   3.7303384e-03
